length:1938
37653121	05003
26069576	05005
23256169	05006
697805	05007
23119554	05009
25797346	05011
39812214	05013
1186514	05014
37948200	05015
37944071	05016
1296899	05018
38426901	05022
30263371	05023
23185343	05025
37676637	05026
37815863	05028
39840870	05029
29254995	05030
37724595	05031
26272307	05034
23661557	05035
29089649	05036
26155491	05039
37645461	05042
33560866	05043
21469028	05044
24931480	05048
37644324	05049
24507241	05050
21370425	05052
38846781	05053
33395051	05054
27762626	05055
26213696	05056
37677315	05058
26328702	05059
36335706	05063
36394558	05064
885462	05065
36412956	05067
26477467	05068
38179661	05070
27489791	05072
27427814	05073
39058778	05075
37827459	05077
28174006	05079
20742446	05080
39934056	05081
27609368	05084
35997428	05085
943165	05086
26260243	05089
26384673	05090
23697054	05092
35036044	05093
37777045	05094
19985407	05099
39713473	05100
23698004	05101
26393673	05102
29683031	05103
39727216	05104
33972558	05107
33502757	05108
26438347	05110
24468991	05111
21835142	05114
989859	05115
23210306	05116
26479850	05117
24141352	05118
32974179	05120
24260023	05121
36626427	05122
1217313	05123
28963823	05128
24407082	05129
1060110	05130
37639394	05131
25859839	05133
-727967242	05134
21416336	05137
21489327	05138
36018124	05139
23091412	05143
21674247	05145
24228625	05146
23151470	05147
39803953	05148
24093456	05149
26189732	05153
32001419	05154
848846	05155
25863602	05157
33256313	05161
21523514	05163
27460943	05165
33263927	05166
706593	05168
26454553	05169
21367555	05170
35641407	05171
36629798	06003
20953958	06004
21456902	06006
36419509	06007
20902940	06008
20747353	06009
23222477	06010
35428886	06013
943720	06015
26302270	06016
26174101	06017
37439122	06018
39375872	06019
859394	06020
37911186	06021
37624942	06022
37706343	06023
20537978	06024
26132603	06026
762847258	06027
23485168	06029
19906697	06030
30956759	06031
40085500	06032
24193183	06033
37818087	06034
38580727	06036
38744276	06037
38992451	06038
24257082	06039
21605757	06040
33728219	06044
37699472	06046
36288606	06047
29169149	06049
23891713	06052
24152709	06053
36351903	06054
27042874	06056
37632385	06057
1248560	06058
24079603	06059
27597926	06061
24183383	06062
27958784	06063
28604229	06064
21431253	06066
29093998	06067
25897720	06068
1212618	06069
26081617	06072
38029991	06076
29227334	06077
23131034	06079
29634573	06080
1152237	06081
1078341	06082
24163746	06086
26636840	06087
37812414	06088
29226763	06090
20282747	06092
36299179	06096
38689174	06098
38968886	06099
35649723	06100
40298502	06102
1048363	06104
35563838	06106
20989929	06109
34009150	06111
33454799	06112
20951389	06113
21787982	06114
26244209	06115
30302565	06117
691742	06118
37699215	06119
848954	06120
37768123	06121
36865503	06123
36700487	06124
37967133	06125
24112344	06126
1217065	06128
24166036	06133
25999312	06134
26160975	06135
35271976	06136
38001109	06137
903154	06139
24766240	06140
36438722	06141
20271225	06142
38645586	06143
1183595	06144
27504856	06145
21364664	06146
946789	06147
24441462	06148
21641901	06150
26176440	06151
21757208	06152
20377608	06153
29573553	06154
38864354	06155
21412907	06158
29659915	06160
33368914	06161
37701037	06162
35375113	06163
26300787	06166
26382988	06169
31171169	06170
38042469	06171
37858350	06172
37891382	06174
38163765	06175
28240990	06176
38182003	06178
23367390	06179
24252038	06181
26477253	06182
37737499	06183
27344882	06184
37625598	06185
39950643	06186
28689411	06188
29178379	06189
20455790	06191
24126796	06192
37330466	06194
22830756	06195
38756432	06196
35658468	06197
21555044	06198
24112191	06199
37634049	06200
21368811	06201
29251479	06202
29521363	06203
26088294	06206
26319633	06207
36567796	06209
26135562	06210
36895361	06214
26181767	06215
21414489	06216
24460146	06217
37524127	06218
30880518	06222
24338768	06223
38190715	06224
21273938	06225
33312631	06226
23851767	06227
953733	06228
772101	06229
24062695	06230
20880045	06231
20791903	06232
38029879	06233
21598842	06235
24247856	06236
37722511	06237
35317588	06238
37893720	06239
1056912	06240
1069447	06242
33061896	06244
1084102	06245
40008543	06246
1181554868	06247
28150322	06248
36528775	06249
803615142	06250
21660251	06252
29181580	06253
29379986	06254
29300265	06256
36825313	06257
26600699	06261
26188024	06262
21429604	06263
21646703	06264
36326136	06265
24155415	06269
39813199	06270
24155019	06271
23900614	06272
791754	06273
27678962	06274
36818102	06275
21472761	06276
34470507	06278
29074730	06280
27442304	06281
27596395	06282
20947146	06284
27167698	06285
26329704	06286
35125577	06287
782021	06289
845940	06290
26123736	06291
35060549	06293
26320811	06294
1261610	06295
37758952	06297
21014505	06298
786243	06299
38201720	06300
21305667	06301
35661497	06302
26243131	06303
37631130	06304
38277293	06305
27396836	06306
24358137	06308
22764608	06310
24169779	06311
24312414	06312
24045350	06313
23406020	06315
35269943	06316
24997283	06317
24178868	06319
26704651	06320
21799009	06322
25724818	06323
21368018	06326
21071355	07002
25715232	07003
37725926	07005
38770505	07007
28100223	07009
24142574	07011
26272531	07012
24077239	07013
878894	07014
21415054	07015
27640680	07016
26552104	07017
846754	07020
26173652	07021
24261830	07022
20752767	07023
26386130	07024
20132812	07025
39780298	07026
39915265	07030
39887821	07032
37864529	07033
26583102	07303
27893720	07306
27892134	07307
20347128	07308
24392965	07309
27733642	07311
39757545	07312
39158278	07315
37883577	07316
28143363	07317
35512789	07318
26189384	07322
26384684	07323
37939881	07324
23329355	07329
37858652	07330
26232355	07334
36714362	07337
24307401	07338
946687	07341
20982296	07343
39918575	07344
36791837	07345
36380298	07346
21661490	07347
40176026	07348
37796567	07349
24114178	07350
26371900	07351
33973714	07352
37725308	07353
27476692	07354
21331509	07355
21901872	07357
24064615	07358
38006997	07360
21992267	07362
26270376	07363
28466980	07364
27324664	07365
26313870	07366
26221311	07368
668448	07369
27354809	07370
26220419	07371
698518	07372
38108485	07373
24597153	07374
33499118	07375
24309141	07376
939041	07378
20613352	07379
21471144	07380
36454899	07381
991415	07382
26236039	07383
23302930	07384
26176007	07386
38186797	07387
33680043	07388
36471616	07389
694268	07390
24251902	07391
1183429	07392
26186040	07393
916960	07395
844568	07398
32357667	07399
21567769	07400
33403083	07401
26551560	07402
26084921	07405
26511016	07407
35585656	07408
29913411	07409
20546695	07410
20935882	07415
21358394	07416
24416578	07417
33948025	07418
844053	07419
29383600	07420
21596583	07421
679555	07422
24376632	07423
21383295	07424
1181327749	07425
35584866	07427
35594160	07428
37662328	07429
690159	07431
35488162	07432
1222317	07433
26171199	07434
29989467	07435
37691209	07436
23846873	07437
21125862	07438
33592955	07439
37629025	07441
25058191	07442
1204549015	07443
38367094	07444
38282402	07445
36518288	07446
26248537	07448
26486092	07449
21407002	07450
21165836	07451
27320878	07452
27757911	07455
29179563	07456
947357	07457
29547120	07458
21475850	07459
32856986	07460
26667015	07461
27308506	07462
20528758	07463
36280620	07465
27354003	07466
38547192	07469
37707082	07470
37727832	07471
38405321	07472
24285025	07474
35364673	07476
25227598	07477
29213261	07479
23183747	07480
37820313	07481
21624366	07482
34463092	07483
26567203	07484
24240146	07487
32373029	07488
36814408	07489
21463530	07490
32547985	07492
26108130	07493
29087735	07495
29087734	07496
27729536	07498
20855330	07499
24282844	07500
1297520	07501
38678425	07502
21551582	07503
774960	07505
26170489	07507
689197	07508
37709513	07509
26215424	07510
26250782	07511
21139636	07513
35493392	07514
21148670	07515
21466606	07516
38128428	07517
24148937	07518
21756854	07519
37802319	07520
855773	07521
35722355	07522
36646761	07526
856060	07527
22654062	07528
775146	07529
34418510	07530
38009743	07531
21126912	07532
32742298	07533
26592904	07534
21053511	07535
21529653	07536
39488167	07538
21450792	07539
24138749	07540
32891324	07541
32087357	07542
36631314	07544
1231494	07546
32506685	07547
1168568	07548
35685214	07549
20849137	07550
33154197	07551
26289648	07552
36386238	07553
33403575	07554
37252728	07556
35182133	07557
20684786	07558
1217828	07560
24218895	07561
1144642	07562
39893974	07565
24461214	07566
35545434	07569
24172949	07571
38147001	07573
33359730	07574
34480483	07575
1245980	07576
26366448	07578
24282394	07579
24830145	07580
994749	07582
36528287	07583
37776682	07585
939834	07586
21138092	07587
1226160	07588
37856565	07589
24392443	07590
20633946	07591
26325540	07592
35154159	07593
29322967	07595
36534567	07596
38983906	07597
36349973	07598
36359494	07599
39817344	07600
26323408	07601
26112313	07602
21038913	07603
659615	07604
27591421	07605
23655616	07606
38115789	07607
20122721	07608
24142611	07610
31193605	07611
26126966	07613
40303235	07614
30129307	07615
38740137	07616
24347932	07617
30693776	07618
38810889	07619
26293415	07620
40111825	07622
672372891	07623
1223731	07624
21575319	07625
26253065	07626
23395136	07627
20216374	07630
849425	07631
24828688	07633
1292517	07634
37878084	07636
27500502	07637
24483392	07638
26218938	07639
1083043	07640
39794203	07641
847024	07642
26384003	07643
37704158	07644
37957174	07645
31368351	07647
26638920	07648
30537596	07650
29136095	07651
941269	07652
21600449	07653
1145472	07654
36364516	07655
29297617	07656
36485930	07657
36792545	07658
37792923	07659
1138442	07660
24054388	07661
30605148	07664
31036194	07665
24266728	07667
24302697	07668
21518029	07669
702410	07670
26193498	07671
33554350	07672
20220713	07673
26384957	07675
775433	07676
28141725	07677
26286296	07678
24168277	07680
24809483	07681
37627229	08001
26179230	08002
33304727	08003
38256559	08005
33334708	08006
26106196	08007
21333741	08009
22637382	08010
21383357	08011
37854926	08013
37675414	08014
40298264	08015
34643365	08016
26442253	08019
26230299	08021
23172310	08022
33803821	08023
22654608	08024
28138426	08025
30156520	08026
1044270	08027
33593620	08028
23675704	08031
36677873	08036
745910	08037
39160904	08038
21817414	08039
37722362	08041
26109189	08042
25684363	08043
24209985	08044
26641518	08046
23202557	08049
721141	08050
714118	08051
26194651	08052
24623224	08053
20375524	08055
35456920	08056
26201151	08059
692353	08061
40285129	08063
23180369	08064
24155275	08066
36590010	08067
689816	08070
969717	08071
32126425	08075
35323535	08077
37672995	08083
671988	08085
749091326	08087
27863872	08088
855032	08089
36897053	08093
857087	08094
34282393	08095
29261770	08098
1212706	08099
26244488	08102
24291687	08104
38982763	08105
21518734	08106
39787733	08107
26376798	08108
32933623	08111
1231384	08112
24172736	08113
35748367	08114
21954564	08116
1049487	08117
25202690	08118
21607678	08119
794618	08120
27319791	08121
37654208	08122
842358	08123
33204748	08124
20515181	08125
27638148	08126
26126399	08127
849847	08128
904103279	08129
781969	08131
24230559	08132
23507055	08133
38961698	08134
29109566	08135
26479950	08136
33571678	08137
29373673	08138
23266712	08139
26378789	08142
23228419	08143
26141876	08144
26257773	08145
37623925	08146
26144898	08147
709962	08148
20279952	08149
37659248	08151
37758891	08152
33314322	08153
23486915	08154
32082083	08155
37320773	08159
21604263	08160
23135590	08161
36464418	08162
1063530	08163
26327946	08164
38679215	08165
38749039	08301
21361877	08304
29189820	08305
20112075	08306
24286976	08309
1289698	08310
24258838	08311
36239201	08312
21605773	08314
37820613	08315
29173311	08318
32793342	08319
39791363	08320
20476624	08321
38841821	08322
35889525	08325
21368017	08328
37923332	08329
23693496	08333
25962442	08334
35507903	08335
21687948	08336
1187966706	08337
38708083	08338
987528	08339
21315857	08340
24236468	08341
1228761	08342
-747563727	08343
859292	08344
26121990	08346
28751006	08347
26359849	08348
26001757	08349
27598735	08350
1044527	08352
27766416	08353
26076267	08354
26080261	08355
32901535	08356
36360850	08357
26302968	08358
693755	08359
33585932	08360
38253920	08361
19895784	08362
39807066	08363
36348962	08364
21486638	08365
29081378	08366
33238435	08367
796510	08368
28839003	08370
23668320	08371
781128	08372
36325980	08373
21966309	08374
25809275	08375
37748952	08376
29903963	08377
36188958	08378
26037214	08379
25916446	08380
34237694	08381
20342288	08382
739255	08383
23373648	08385
32305226	08386
24057160	08387
27419283	08388
38302882	08389
20375297	08390
21120918	08391
21555439	08393
846303	08394
26623328	08395
26334246	08396
20270575	08397
26428657	08398
29535706	08399
23399187	08400
23184588	08401
29191424	08402
29092808	08403
21606182	08405
22045056	08408
21722380	08409
39778443	08410
29421260	08412
23580257	08413
33535541	08414
40097554	08415
39796371	08417
23559428	08418
36253017	08419
710855	08420
27691276	08421
28715644	08422
39029033	08424
26067550	08425
21468819	08426
26081770	08427
21416805	08428
37732961	08429
24711820	08430
29068018	08431
33267923	08432
37709278	08433
26591512	08434
33648604	08435
24814424	08436
1568	08437
20885722	08438
37929304	08439
36304951	08440
39809975	08441
26286316	08442
29519456	08445
29300265	08446
29075888	08447
1058541	08448
26232357	08449
21438772	08450
35583156	08451
26556349	08452
37706209	08453
33525555	08454
26208160	08455
23533956	08457
29079337	08459
21500996	08460
24294343	08461
25732200	08462
656732	08463
36296724	08464
32007611	08465
37362718	08466
29632235	08467
31199283	08468
646993	08469
38927504	08470
20814836	08471
24318317	08472
32060908	08474
21162511	08475
21362421	08476
24225393	08477
24116290	08478
37641000	08479
675830	08480
38365001	08481
24387853	08482
21530766	08483
34473855	08484
27499852	08485
29173506	08486
26641874	08487
36503999	08488
37955642	08489
19851766	08492
21725297	08493
845817	08494
37759736	08495
32443871	08496
26471913	08498
24360620	08500
36624089	08504
27874415	08506
684220	08507
29321772	08508
36617938	08509
739493	08510
21448439	08511
21367944	08512
24281491	08513
26084325	08514
21846559	08515
27849177	08516
24624669	08517
37652408	08518
39811625	08519
36594583	08520
33440384	08521
20917276	08522
20214858	08523
1242741	08524
39908293	08525
36660727	08526
26645449	08527
30496757	08528
1113085	08529
794498	08530
30190975	08531
21476386	08532
26188554	08533
24465997	08534
24859874	08535
39745007	08536
26286554	08537
20285056	08538
21546029	08539
656389	08540
36366788	08542
35552407	08543
33694266	08544
33511838	08545
1228578	08546
24035346	08547
33442553	08548
988700	08549
24748254	08550
26255880	08551
26440741	08552
778392	08553
24186846	08554
37897781	08555
33514405	08556
38850201	08557
26153910	09002
21844509	09005
22669398	09007
35704950	09009
33505248	09010
24389694	09011
20457394	09013
35531761	09015
35576642	09017
21135276	09018
35060760	09020
30830488	09021
26242781	09022
26095379	09023
21874668	09024
24160265	09025
843541	09026
23393572	09027
1133016	09029
26381196	09030
24156731	09031
951097	09032
26148649	09034
21257635	09035
36236673	09037
24082244	09038
21418346	09040
26142894	09041
20268926	09042
951071	09043
22435660	09044
26169918	09045
26311404	09046
33373101	09048
33643295	09049
26384298	09051
36832791	09052
36516295	09054
36278644	09055
39105660	09057
1185258	09058
28198408	09061
24204484	09062
789034	09063
36267098	09064
1228967	09065
36352246	09066
38268061	09067
39807432	09068
29419812	09069
24077121	09070
19923416	09072
23465580	09073
888279	09074
35215695	09075
21999593	09077
38036290	09079
37662512	09083
37616841	09084
37861758	09086
940185	09087
1134930	09088
21465157	09089
21064127	09090
700925	09093
36343565	09094
36395660	09095
1217060	09096
35893514	09097
23335549	09099
21025998	09110
784506	09111
38586680	09112
37334763	09113
1064313	09114
22776492	09116
913955	09117
26257868	09118
38183108	09121
26047175	09123
24328030	09124
33102217	09125
38944538	09126
20898174	09128
29221683	09129
29762102	09131
26180584	09132
1144378	09133
39190411	09134
26460559	09135
26444030	09137
26455909	09138
40228512	09139
37816643	09140
26536893	09141
29540963	09142
24713338	09143
24095796	09144
24244267	09145
36597410	09148
35419073	09149
38647226	09150
29114762	09151
705321	09152
1089925	09153
33089624	09155
39844508	09156
26476680	09157
29164189	09158
36712245	09159
23620473	09162
38152393	09163
23224442	09164
29383135	09166
22950700	09167
27314528	09168
20448110	09169
676600	09170
24348252	09171
23975362	09173
20275072	09174
35655527	09175
29258875	09176
845940	09177
24065962	09178
29167656	09180
24972076	09181
38365742	09182
779345	09183
21100192	09184
35447846	09185
35739555	09189
34463880	09190
690434	09192
1225527	09193
27343629	09194
40487397	09195
38845269	09196
29300848	09197
35385056	09198
29176189	09199
21432905	09200
37870115	09201
27762095	09202
38349960	09203
39948572	09204
39775842	09205
26481734	09206
21402141	09207
32510098	09208
37849662	09209
29404331	09210
29631883	09211
21411002	09212
24169176	09213
24176981	09214
26355101	09215
26145617	09216
34686894	09217
26371566	09219
37237895	09220
26670699	09221
694358	09222
36218282	09223
38191918	09225
32950378	09226
32632015	09228
37919267	09229
943429	09230
24860943	09231
21936067	09232
32545890	09233
24911772	09234
21405838	09235
20897494	09236
32506960	09237
24564386	09238
35614236	09239
35438404	09240
29276232	09241
26640851	09242
25005326	09244
32877934	09245
25786003	09247
1050274	09248
33528182	09249
36824840	09250
657788	09251
26242207	09252
26453514	09254
29492283	09255
24184462	09256
26156197	09257
31050419	09258
995771	09259
22647426	09260
37830349	09261
37668934	09262
1187790	09264
29321027	09265
27176338	09266
36278663	09268
24654727	09269
24514879	09270
27656170	09271
27549065	09272
32075164	09273
755998264	09275
1036764	09277
36342018	09278
32981802	09280
39908919	09281
21803790	09282
33259421	09283
37954345	09284
33328326	09285
26203633	09286
38178148	09287
26661803	09288
20373925	09289
39995876	09290
32539899	09291
37767502	09292
21559897	09293
29339401	09294
32458850	09295
36804529	09299
24080840	09301
800510	09303
36375260	09304
1176292	09305
36749812	09306
1218120	09307
24286314	09308
21931564	09309
24641921	09310
39164966	09311
26343195	09314
26092090	09315
21638206	09316
35453023	09317
26254771	09318
1108114	09319
24063056	09321
33341388	09323
37840232	09325
775016	09326
1172729	09327
24393096	09501
33358203	09502
35366461	09503
26468815	09504
26272123	09505
35453694	09506
20934647	09507
24113351	09508
39253978	09509
40285970	09510
26163824	09511
39729196	09512
29066721	09513
26259894	09514
38039875	09515
26750785	09516
40016966	09517
46079603	09518
20584693	09519
22854236	09520
33357110	09521
24473286	09522
32711232	09523
39898454	09524
848638	09525
847911	09526
37851203	09527
21846002	10001
26221916	10002
-876864709	10003
-626844881	10004
-158610991	10006
178207354	10007
-117189387	10008
39270892	10009
271061238	10012
854245	10013
2082069682	10015
-561743226	10017
-960984102	10018
827442039	10019
1583225703	10020
1567633573	10021
1326774185	10022
491667363	10023
36559246	10024
1203289695	10025
27563146	10028
39762082	10029
1067940178	10030
26139472	10031
-2089173992	10033
26236444	10036
1030086197	10037
-2045484125	10038
-895860082	10039
-1455211155	10040
-1223617813	10041
-382270137	10043
-536362209	10044
26092024	10045
26361772	10046
32881815	10047
-1331650732	10048
-1723505135	10049
5306188	10050
-1570650251	10051
1774685992	10052
-601859932	10054
-1995305862	10055
-527132840	10056
1018293609	10057
-1097073439	10061
-1872986265	10062
-199332410	10065
-1189358997	10066
-2058103340	10067
-300108076	10068
-869119314	10069
1869031701	10071
2019019262	10072
-1235953549	10073
-201299859	10077
-677407033	10078
-750468503	10080
148271409	10081
-2056921572	10082
217644520	10083
-1555873159	10084
-191724659	10085
828035182	10086
-375701063	10087
-1110353264	10088
25345294	10089
-1949952577	10090
918260949	10091
319989743	10092
1797128452	10093
826606594	10094
1358086512	10095
-776345217	10096
1419733425	10097
1554463424	10098
522688353	10099
1555607	10100
23344265	10101
1124348937	10102
-1931936899	10103
35894570	10104
-772646688	10105
-568113896	10106
-1062850376	10107
27387098	10108
450108	10109
-2080023939	10110
1615598715	10111
-2107739070	10113
1285488100	10114
-1542757378	10115
-1931337446	10116
422630141	10117
-658989545	10118
-1032426524	10119
-447108838	10120
-1157297477	10121
247696773	10122
-1568513527	10123
-1366537131	10124
-402081983	10125
311371544	10126
-1723608451	10127
1671432883	10130
310081592	10131
1697024453	10132
99527344	10133
850199	10134
1297132244	10135
159025427	10136
1693046357	10137
457583381	10138
773166689	10139
26171311	10140
405986481	10141
-1165517285	10142
1671481517	10143
-859527768	10144
35462170	10145
-2110520126	10146
709528598	10147
1579817811	10148
90975128	10149
-1078789704	10150
1956637392	10151
710199393	10152
1584077831	10153
2069434078	10154
1008796803	10155
2017362776	10156
-1804030285	10157
-664805953	10158
1186402	10159
-1279612519	10160
510981280	10161
-1153893790	10162
1788077332	10163
-48050729	10164
-575029794	10165
-1019602025	10166
-1413596695	10167
-2054829041	10168
37818848	10169
-1432612585	10170
27640019	10171
-310378761	10172
1292736325	10173
29081269	10174
1330932147	10175
37859251	10176
186270736	10179
28721971	10180
37801468	10181
1064469279	10182
21695103	10185
25926506	10186
32124388	10187
-1339659644	10188
22858173	10189
1475564455	10190
632094299	10191
27490203	10192
24060439	10193
34891797	10194
687859	10195
26219170	10196
24092532	10197
35030053	10198
29546709	10199
1287241	10200
36659761	10201
29633506	10202
23070053	10203
37815820	10204
1018039	10205
21681223	10207
21057943	10209
29090377	10210
35192893	10211
23179580	10212
36303369	10213
847784	10214
37611561	10215
20701253	10217
33596454	10218
748379	10220
33683427	10223
26285871	10224
36406678	10225
21300928	10226
27897353	10227
37790482	10228
36285681	10229
769171	10231
24173601	10232
26224816	10233
36333408	10234
36330130	10235
26232085	10237
26050588	10238
37907981	10239
38121558	10240
32416963	10241
32937643	10242
21252789	10243
37876268	10244
29530505	10245
37967497	10246
34033992	10247
783023	10249
26455304	10250
20189433	10251
36528589	10252
20951781	10253
20872592	10254
24074362	10255
530743951	10256
24164164	10257
21880797	10258
38354458	10259
35121485	10260
22613246	10261
29656789	10262
36640884	10263
20275788	10264
32924161	10265
21543946	10266
32365764	10268
26097768	10269
21632169	10270
38814577	10271
848702	10272
27621357	10274
26631758	10276
29067860	10277
28935490	10278
23573329	10279
32690590	10280
35130621	10286
21923412	10302
26316678	10303
23694189	10304
24542706	10305
23379366	10307
37810643	10308
37229348	10309
947536963	10310
-223761372	10311
27421310	10314
26404751	10315
36284154	10316
39836043	10317
26588806	10318
24151000	10319
36719517	10320
1398344083	10321
37799514	10322
33017989	10323
22844215	10324
21361789	10325
24502102	10326
22767900	10327
777119287	11001
1964291346	11002
1313978909	11003
2117406494	11004
1223638413	11005
804537023	11006
308268979	11007
-1324779008	11010
851725277	11011
1338608856	11012
1495328644	11013
-612831463	11014
99418603	11015
32703173	11016
-942447925	11017
809695573	11018
-2090960322	11019
105236581	11020
1771169854	11022
310412145	11023
736941115	11024
-140997771	11025
-930136151	11026
-1672321568	11027
1474905280	11028
1277424557	11029
1898411543	11030
16127338	11032
-1796156031	11033
-781144968	11034
-1436265658	11035
-1133586679	11036
-1136357772	11037
998950950	11039
2012306597	11040
-159533666	11041
-1134709282	11042
-710732285	11043
-1415915348	11044
1683160036	11045
497548748	11046
-546818949	11047
1367927745	11048
-2047394544	11050
-972334634	11052
334880779	11054
353577583	11055
-1631168037	11056
1425585281	11057
24264915	11058
1209322964	11059
64879870	11060
566189177	11061
-2024465387	11062
-436565075	11063
1194023935	11065
-274525438	11066
961422681	11067
1102267454	11068
1929333610	11069
531791339	11071
1695555913	11072
337937321	11073
99207174	11074
782452521	11075
1551562507	11076
-1868901960	11077
2014741245	11079
-1803720233	11080
-690320957	11081
1700294972	11082
-805651305	11083
-641494774	11084
642658555	11085
-2144392408	11086
-35821806	11087
24286794	11088
-1290193180	11089
805778961	11092
-631298806	11094
652815657	11095
-42561433	11096
854125053	11097
-984312868	11098
-1468740655	11099
-670502009	11101
76097994	11102
-1903829801	11103
2045558548	11104
-1234217678	11105
-174448687	11106
1566449302	11107
1021428624	11108
1389303693	11109
-57340459	11110
340062140	11111
1166395036	11112
-1124457139	11113
1524848807	11114
229030546	11115
1887602887	11116
411456414	11117
539851742	11118
-1292635115	11119
-1806414725	11121
1981009506	11122
437554438	11123
-890214198	11124
112174847	11125
-1419189046	11126
-1616947553	11127
-592653373	11128
1062127700	11129
249906109	11131
506676311	11132
-880386186	11133
-295317376	11134
439473957	11136
1876887998	11137
-1469041218	11138
29590602	11139
1468061670	11140
-854982839	11141
-1679381844	11142
-448048880	11143
-44625704	11145
137517412	11146
1972587851	11147
-2084564699	11148
-1606821860	11149
-1221414287	11150
1840863058	11151
-1771247596	11153
-1306567851	11154
-974800922	11155
890551419	11156
-110857370	11157
-1673862858	11158
36813223	11159
39985053	11160
23450283	11161
834762	11162
26074827	11163
26076190	11164
29200353	11165
25988437	11167
21035777	11168
26325990	11169
23137338	11170
23368879	11171
27690670	11172
21639875	11173
35987572	11174
23746542	11175
781119	11176
24243340	11177
1289754	11178
647154	11179
846095	11180
24255898	11181
858894	11182
1036933	11183
21737200	11184
847313	11185
25971500	11186
33974881	11188
24965281	11189
23471928	11190
27187069	11191
20798907	11192
36418711	11193
23987852	11194
26381370	11195
20948978	11196
39792927	11197
20968874	11198
26091594	11199
26239770	11200
21046524	11201
38195740	11202
26623650	11203
38689072	11204
38422380	11205
1043245	11206
21084922	11207
21164825	11208
24749099	11209
21245056	11210
24573674	11211
858888	11212
1101287826	11213
33233960	11214
38988106	11215
26437858	11216
24195284	11217
39971769	11218
744903	11219
1216799	11220
694080	11221
24992147	11222
845885	11223
24698253	11224
775852	11225
26099553	11226
33412439	11227
40116004	11228
39746666	11229
20130062	11230
21609605	11231
33738557	11232
26093450	11234
39767691	11235
32945783	11236
23378146	11237
24150085	11238
37639008	11239
739593	11240
34337581	11242
37802063	11243
24059731	11244
37108756	11245
29250246	11246
36010491	11247
36611546	11248
26255103	11249
27922805	11251
30041117	11252
38164955	11253
29365163	11254
29476371	11255
21371037	11256
29264779	11257
24082139	11258
27945424	11259
26152986	11260
35454473	11261
815995701	11262
694358	11263
21367508	11264
33086532	11265
26344584	11266
24134545	11267
29184231	11268
24648064	11269
24177055	11270
23542006	11271
21412882	11272
26121990	11273
24150361	11274
38244785	11275
26289263	11276
1185998	11277
1222472	11278
40296599	11279
20469662	11280
35987089	11281
36521972	11282
20804063	11283
26238990	11284
36272374	11285
647975587	11286
21499423	11287
25858613	11288
20179372	11289
39709804	11290
32742352	11302
20599933	11303
21710491	11304
36313690	11305
26174893	11306
23851823	11307
39844711	11309
35315057	11310
34712883	11311
23391261	11312
-888965470	11313
24368787	11314
24508010	11315
504612193	12002
1857208553	12003
1252973544	12004
-501331458	12005
-335266589	12007
1620922751	12008
151374188	12009
-1663318678	12010
13334130	12011
-1616339224	12012
870850327	12014
-1441152243	12015
-407572058	12016
785989040	12017
-640740920	12018
-2041415268	12019
266861214	12020
-1709788936	12022
1457929447	12023
1851469069	12024
-49338625	12026
1506191806	12027
697784383	12028
-1229295680	12030
1871912150	12032
-1371649622	12033
348776492	12034
314896292	12035
-1629457391	12036
1910886786	12037
-409196811	12038
-650128469	12039
1535451331	12040
1824047408	12041
-333754236	12043
-274470074	12044
661270307	12045
1605491671	12046
636716827	12047
-143742332	12048
-1132071748	12049
1225455343	12050
-1766664886	12053
1878554671	12054
-1456472510	12055
463032345	12057
718115362	12058
419198163	12060
775471057	12064
-1836861497	12066
873352960	12067
1583742728	12068
1627285224	12069
-1667925011	12070
1364746694	12072
1135788248	12073
-1966845025	12074
1301433937	12076
-652423389	12077
-1685821874	12078
944611175	12079
-476756661	12080
-1700187050	12081
1483396675	12082
-1188932501	12083
312319880	12085
-1872319558	12086
-610439437	12087
1218026	12088
788206	12089
21499078	12090
31155553	12091
27896613	12092
33523020	12093
943473	12094
28223207	12095
21032503	12096
36245405	12097
25163784	12098
24155814	12099
39846248	12100
21877321	12101
38039452	12102
37625059	12103
26309222	12104
38272332	12105
26379245	12106
36818643	12107
37653256	12108
32202820	12109
38262007	12110
32358556	12111
27310237	12112
26356487	12113
27858525	12114
29582741	12115
20874462	12116
26071843	12117
26095879	12118
29136258	12119
26073931	12120
21420586	12121
26396960	12122
26246423	12123
32393742	12124
1046803	12125
35056679	12126
26123474	12127
39181467	12128
24138435	12129
36522890	12130
37903694	12131
29571498	12132
708777	12133
26394924	12134
26376234	12135
693482	12136
26127119	12137
26096309	12138
36275277	12139
36397182	12140
38211909	12141
33507677	12142
23306420	12143
27225356	12144
37764938	12145
20873572	12147
29175344	12148
21797523	12149
37799168	12150
20389851	12151
36454212	12152
37803867	12153
23140630	12154
24304056	12155
757410	12156
20933400	12157
26217845	12158
26171197	12159
22754165	12160
35746551	12161
29304638	12162
21655323	12163
26197969	12164
37722362	12165